preciso desenvolver uma modelagem para um problema de dimensionamento de lotes, primeiro devemos dimensionar um planejamento agregado. Atualmente, tenho os seguintes dados:

produtos (kg):

faturamento (vendas):

PRODUTO	jan/24	fev/24	mar/24	abr/24	mai/24	jun/24	jul/24	ago/24	set/24	out/24	nov/24	dez/24	jan/25	fev/25	mar/25	abr/25
RED. 10	6913,30	8631,31	10967,83	9652,50	10446,42	9723,49	9184,26	13723,20	11927,21	10908,57	10190,10	7638,68	7958,66	9276,85	8245,37	8359,47
PLATINO RED. 10	3010,41	2308,00	3282,61	2915,68	3239,77	3248,62	2346,99	3823,77	3700,63	3840,02	3094,00	2740,13	3783,26	3042,18	2055,38	3119,35
PLATINO RED. 05	2032,84	1964,99	2845,23	2692,22	2971,89	3370,31	2525,91	2849,33	3343,65	3747,81	3485,90	2071,34	3018,91	2999,55	2608,32	2868,37
RED. 05	5372,56	5900,33	8248,16	10092,33	9944,30	10501,85	8877,86	8781,64	11228,39	11845,80	10024,04	8098,14	9844,09	8960,04	9541,16	9263,53
RED. 07	7989,58	9224,92	12720,23	13182,14	16322,67	17217,41	16519,88	13206,51	20328,28	22571,72	22171,91	16737,10	14525,51	13778,70	17570,35	15429,76
FESTA 7.0	23580,77	16267,17	20575,21	15637,28	17104,80	16400,67	15144,16	22097,28	24542,55	24211,09	21624,62	15820,56	14913,23	24591,49	16991,22	17505,76
RED. 08	13838,87	10824,46	18597,49	19509,35	22926,55	20338,54	17023,74	20428,85	23667,71	24043,87	20472,41	21552,94	19657,00	16292,37	12708,38	17799,90
RED. 09	6718,02	9782,95	11751,02	6828,21	6911,77	7805,93	6582,73	10333,80	11744,31	12563,70	10690,60	6356,12	7366,31	8359,47	5742,76	7912,58
PLATINO RED. 09	4900,90	4996,82	5687,92	5637,58	6689,76	7271,60	6473,15	5246,98	8520,96	9082,53	8728,83	6314,45	7546,11	8604,96	7248,86	7755,36
GF 09	53299,97	65044,91	78081,54	79276,04	86078,08	96775,43	86142,28	79550,44	109238,00	115810,26	107778,33	84439,80	86766,22	89627,55	88353,63	97347,45
CORACAO 06	319,71	672,37	945,50	1363,68	1204,93	853,27	372,71	581,96	508,89	294,26	249,49	284,50	303,72	602,25	854,51	1610,46
FAT BALL 250	558,20	752,02	1299,94	1436,32	1549,92	1715,24	1691,46	822,26	1456,38	2492,86	1404,54	1418,56	1378,70	1558,82	1594,90	1611,36
GF 6.5	15182,62	15025,60	13887,76	15478,97	15877,99	22526,41	13812,88	31252,35	32592,63	31197,37	18488,84	13934,32	11915,78	16037,09	11817,38	18603,96
MAXI BALL 350	478,08	948,47	1291,73	964,39	1904,95	1760,79	789,77	973,59	880,76	1286,25	1188,23	596,53	1033,99	1201,24	1064,62	1240,21
PIC 260	2516,59	2752,25	3430,36	2698,19	3092,54	4282,60	3559,35	3741,77	5793,02	5662,12	5450,99	3547,78	3439,54	3846,41	3691,96	3436,40
TOP 6.5	20295,28	8209,19	16310,74	17384,87	14559,34	14507,52	10019,85	13890,21	13442,92	14878,11	21547,24	13678,90	12592,81	15016,88	12306,92	17168,01
RED. 16	8915,45	10409,95	13214,61	14096,61	15938,13	17859,13	15023,89	13610,24	18844,13	18382,15	15290,35	13712,26	19257,29	19034,34	19167,33	18590,01

produzido:

PRODUTO	jan/24	fev/24	mar/24	abr/24	mai/24	jun/24	jul/24	ago/24	set/24	out/24	nov/24	dez/24	jan/25	fev/25	mar/25	abr/25
RED. 10	9559,50	11891,97	12689,35	9892,90	8663,25	6403,65	14778,05	8856,65	9745,45	7474,30	12968,75	11228,41	4815,35	10266,73	6942,01	8724,10
PLATINO RED. 10	3632,81	5962,62	3193,35	6036,50	1225,10	745,90	1522,20	1909,60	4178,55	1472,63	3121,20	3743,25	3234,95	4561,48	2479,05	2496,30
PLATINO RED. 05	2147,85	4039,46	2321,35	3133,40	2305,90	2408,35	4465,35	2818,20	1935,80	2480,30	3222,50	2416,20	3139,70	2814,45	4511,65	2577,69
RED. 05	4347,95	7869,94	10001,20	9313,80	10240,25	9274,80	13513,65	12387,35	4798,05	9851,50	9795,85	9023,05	8664,34	7418,30	12405,80	12390,63
RED. 07	12253,30	7317,80	10306,35	19463,76	19129,25	12507,90	11116,05	20300,30	22699,25	24931,10	24435,95	21439,16	14529,82	10358,85	20661,21	20904,19
FESTA 7.0	26917,80	16135,10	15444,35	17479,92	17012,25	13261,80	16096,50	17185,00	26471,35	20007,70	20253,90	17647,85	21855,80	26535,30	15786,22	19585,05
RED. 08	19114,70	19833,00	16808,30	11156,15	23381,30	23423,30	19906,70	18136,40	19169,10	21738,10	19092,45	26048,60	19601,90	16085,40	17440,05	19040,80
RED. 09	9404,40	7237,70	10522,80	9814,60	11533,40	4265,15	2876,80	9583,20	8191,35	13905,25	7134,90	9252,80	9257,15	11495,64	3080,90	12144,40
PLATINO RED. 09	4998,00	5871,83	6673,74	9082,65	6141,65	5294,35	7962,65	4532,50	6243,65	8147,70	10889,00	6372,70	7956,67	9360,30	7975,27	7364,35
GF 09	74372,50	75604,25	75397,47	78958,25	82490,43	64203,57	98421,08	98688,55	99637,65	108481,05	112989,15	99637,24	85290,36	84011,17	97463,89	106589,80
CORACAO 06		1095,55	3033,20	572,95	27,90	2088,95								2195,60		2943,40
FAT BALL 250	153,25	861,63	1917,35	1956,40	327,65	1653,69	1174,13	1082,10	1839,20	3008,95	2648,80		878,40	1644,60	1379,70	1891,60
GF 6.5	18958,75	20077,15	18992,55	20892,45	19828,25	16737,35	12518,07	18708,20	13448,60	28052,60	18618,10	18181,40	16705,00	15396,92	15235,95	18280,45
MAXI BALL 350	3709,85	1159,45	251,15	1667,75	3115,40	67,90		2307,50			3104,80	775,15	516,55	869,10	2406,20	281,50
PIC 260	5271,56	5075,55	4393,30	2598,30	5447,35	4640,15	3127,15	1036,60	6207,55	7007,75	4076,40	6412,70	4303,30	2637,40	6069,75	3911,28
TOP 6.5	20004,65	14477,47	12973,45	22871,69	18464,05	12480,45	15201,80	14214,05	11242,40	10099,35	28901,20	15986,90	15161,40	14273,44	18591,08	17879,85
RED. 16	13231,68	18423,05	11946,02	12829,40	22510,75	13941,05	10713,95	16563,95	18411,60	12805,65	15727,55	25449,70	14887,16	18323,40	18806,40	23907,70

previsto:

PRODUTO	jan/24	fev/24	mar/24	abr/24	mai/24	jun/24	jul/24	ago/24	set/24	out/24	nov/24	dez/24	jan/25	fev/25	mar/25	abr/25
RED. 10	 8.167 	 8.725 	 10.446 	 10.870 	 12.002 	 12.897 	 10.534 	 12.451 	 10.652 	 11.447 	 10.919 	 5.621 	 5.290 	 6.687 	 7.200 	 7.965 
PLATINO RED. 10	 3.071 	 3.117 	 3.691 	 4.349 	 4.474 	 3.934 	 3.149 	 3.574 	 3.895 	 4.502 	 4.799 	 2.083 	 3.010 	 2.308 	 3.290 	 2.940 
PLATINO RED. 05	 2.353 	 2.473 	 3.487 	 3.459 	 3.005 	 3.501 	 2.818 	 3.212 	 3.751 	 3.693 	 3.599 	 1.689 	 2.167 	 2.451 	 2.627 	 3.031 
RED. 05	 6.729 	 7.015 	 8.548 	 7.714 	 8.310 	 11.093 	 7.971 	 10.199 	 10.105 	 11.110 	 10.119 	 4.443 	 8.305 	 8.935 	 9.936 	 11.461 
RED. 07	 10.004 	 10.411 	 12.763 	 13.816 	 14.405 	 15.027 	 11.675 	 15.304 	 15.949 	 17.845 	 16.727 	 7.501 	 11.530 	 12.446 	 13.490 	 17.132 
FESTA 7.0	 16.502 	 17.372 	 20.451 	 22.179 	 23.282 	 24.759 	 18.275 	 21.959 	 26.598 	 27.205 	 24.332 	 10.763 	 9.829 	 11.813 	 10.966 	 16.372 
RED. 08	 16.791 	 17.562 	 20.868 	 20.448 	 21.186 	 25.521 	 19.301 	 22.737 	 22.455 	 25.417 	 24.227 	 10.965 	 14.527 	 13.603 	 16.624 	 17.667 
RED. 09	 8.176 	 8.719 	 10.108 	 10.428 	 11.159 	 11.579 	 8.129 	 9.994 	 10.297 	 11.507 	 11.055 	 4.776 	 7.595 	 9.798 	 9.720 	 9.357 
PLATINO RED. 09	 4.446 	 4.893 	 5.765 	 5.996 	 6.432 	 6.993 	 5.904 	 6.967 	 7.384 	 8.768 	 8.721 	 3.808 	 6.115 	 6.424 	 6.730 	 7.281 
GF 09	 62.491 	 64.948 	 78.075 	 80.672 	 90.860 	 94.168 	 70.638 	 87.566 	 89.317 	 100.986 	 90.593 	 42.098 	 70.967 	 72.216 	 85.408 	 90.814 
CORACAO 06	 467 	 882 	 1.539 	 1.763 	 1.407 	 866 	 810 	 652 	 513 	 484 	 359 	 116 	 289 	 656 	 1.135 	 1.697 
FAT BALL 250	 881 	 947 	 1.151 	 1.071 	 1.157 	 1.370 	 1.285 	 1.441 	 1.450 	 1.582 	 1.458 	 696 	 1.016 	 951 	 1.378 	 1.257 
GF 6.5	 17.730 	 17.653 	 18.304 	 16.697 	 17.655 	 23.709 	 17.632 	 23.135 	 23.751 	 24.283 	 23.916 	 10.628 	 13.137 	 9.272 	 12.467 	 12.613 
MAXI BALL 350	 838 	 891 	 1.106 	 1.083 	 1.128 	 1.298 	 703 	 839 	 841 	 803 	 682 	 323 	 948 	 895 	 1.335 	 1.149 
PIC 260	 2.839 	 2.909 	 3.456 	 3.367 	 3.587 	 4.155 	 3.009 	 3.927 	 3.791 	 3.861 	 3.832 	 1.861 	 3.790 	 3.559 	 3.844 	 4.137 
TOP 6.5	 11.324 	 12.648 	 14.465 	 14.211 	 16.121 	 16.860 	 13.611 	 17.318 	 16.583 	 19.118 	 16.453 	 7.164 	 8.278 	 11.199 	 11.365 	 12.516 
RED. 16	 10.558 	 11.170 	 13.072 	 13.680 	 15.391 	 16.579 	 12.413 	 14.766 	 15.043 	 17.091 	 15.286 	 6.967 	 12.779 	 14.930 	 15.874 	 16.866 
																

tenho dados de produção, dados de vendas e uma previsão de demanda que certanebte terpa algum erro.

Meu objetivo é fazer a modelagem matemática cujo objetivo é minimizar as faltas em determinado periodo.

Há uma série de dados necessários para deixar a solução de otimização mais condizente com a realidade, como por exemplo a capacidade produtiva de cada uma das maquinas disponiveis. Temos 28 maquinas no total e algumas produzem certos tipos de produtos, mas essas informações serão adquiridas com o tempo. 